%YAML:1.0
---
R: !!opencv-matrix
   rows: 3
   cols: 3
   dt: d
   data: [ 9.9999489859201496e-01, -2.0756184434748276e-03,
       2.4278793262539717e-03, 2.0692464883460080e-03,
       9.9999441622641538e-01, 2.6240683987223735e-03,
       -2.4333123342908571e-03, -2.6190311315089057e-03,
       9.9999360981309071e-01 ]
T: !!opencv-matrix
   rows: 3
   cols: 1
   dt: d
   data: [ 1.1986970900648359e+02, -3.6480834035059570e-02,
       -3.1884366010698489e-01 ]
R1: !!opencv-matrix
   rows: 3
   cols: 3
   dt: d
   data: [ 9.9999715737820671e-01, -2.3729792173216363e-03,
       -2.3281997356772340e-04, 2.3732827129547968e-03,
       9.9999632300172414e-01, 1.3120640975216472e-03,
       2.2970561665385729e-04, -1.3126129154381371e-03,
       9.9999911214093773e-01 ]
R2: !!opencv-matrix
   rows: 3
   cols: 3
   dt: d
   data: [ 9.9999641612535195e-01, -3.0433629642957592e-04,
       -2.6599089966497856e-03, 3.0084532775140951e-04,
       9.9999909310152613e-01, -1.3127407262317947e-03,
       2.6603060990331570e-03, 1.3119358003397116e-03,
       9.9999560078828109e-01 ]
P1: !!opencv-matrix
   rows: 3
   cols: 4
   dt: d
   data: [ 3.3893119955109660e+02, 0., 3.3146727752685547e+02, 0., 0.,
       3.3893119955109660e+02, 1.7143298149108887e+02, 0., 0., 0., 1.,
       0. ]
P2: !!opencv-matrix
   rows: 3
   cols: 4
   dt: d
   data: [ 3.3893119955109660e+02, 0., 3.3146727752685547e+02,
       4.0627729868099450e+04, 0., 3.3893119955109660e+02,
       1.7143298149108887e+02, 0., 0., 0., 1., 0. ]
Q: !!opencv-matrix
   rows: 4
   cols: 4
   dt: d
   data: [ 1., 0., 0., -3.3146727752685547e+02, 0., 1., 0.,
       -1.7143298149108887e+02, 0., 0., 0., 3.3893119955109660e+02, 0.,
       0., -8.3423612555133808e-03, 0. ]
