%YAML:1.0
---
M1: !!opencv-matrix
   rows: 3
   cols: 3
   dt: d
   data: [ 3.4371848164303742e+02, 0., 3.3086612699982624e+02, 0.,
       3.4370426827971454e+02, 1.7148561133731124e+02, 0., 0., 1. ]
D1: !!opencv-matrix
   rows: 1
   cols: 5
   dt: d
   data: [ -5.3113628784608883e-03, 5.5442852289654026e-03, 0., 0., 0. ]
M2: !!opencv-matrix
   rows: 3
   cols: 3
   dt: d
   data: [ 3.4242880483704516e+02, 0., 3.3018483808902386e+02, 0.,
       3.4255490824382599e+02, 1.7140135893164674e+02, 0., 0., 1. ]
D2: !!opencv-matrix
   rows: 1
   cols: 5
   dt: d
   data: [ 8.7473329475667629e-03, -1.0436523803340442e-02, 0., 0., 0. ]
