%YAML:1.0
---
R: !!opencv-matrix
   rows: 3
   cols: 3
   dt: d
   data: [ 9.9999652522456151e-01, 2.1211251778933708e-03,
       -1.5653647442821529e-03, -2.1256132412368102e-03,
       9.9999361945331611e-01, -2.8710313486744821e-03,
       1.5592649395190857e-03, 2.8743487325131037e-03,
       9.9999465339181304e-01 ]
T: !!opencv-matrix
   rows: 3
   cols: 1
   dt: d
   data: [ -1.1986412065783352e+02, 2.8732787481935312e-01,
       4.7923217277489868e-02 ]
R1: !!opencv-matrix
   rows: 3
   cols: 3
   dt: d
   data: [ 9.9999804415504578e-01, -2.7712118544726011e-04,
       -1.9582874996910866e-03, 2.7430586924335386e-04,
       9.9999892879448460e-01, -1.4377642967993609e-03,
       1.9586838369090530e-03, 1.4372243150004777e-03,
       9.9999704896759356e-01 ]
R2: !!opencv-matrix
   rows: 3
   cols: 3
   dt: d
   data: [ 9.9999704701189096e-01, -2.3971061963203614e-03,
       -3.9981168259030212e-04, 2.3976784473574869e-03,
       9.9999609305281600e-01, 1.4370167593719604e-03,
       3.9636543876908148e-04, -1.4379711357329138e-03,
       9.9999888756610722e-01 ]
P1: !!opencv-matrix
   rows: 3
   cols: 4
   dt: d
   data: [ 3.4097571209142336e+02, 0., 3.3181695556640625e+02, 0., 0.,
       3.4097571209142336e+02, 1.7191610145568848e+02, 0., 0., 0., 1.,
       0. ]
P2: !!opencv-matrix
   rows: 3
   cols: 4
   dt: d
   data: [ 3.4097571209142336e+02, 0., 3.3181695556640625e+02,
       -4.0870874586723738e+04, 0., 3.4097571209142336e+02,
       1.7191610145568848e+02, 0., 0., 0., 1., 0. ]
Q: !!opencv-matrix
   rows: 4
   cols: 4
   dt: d
   data: [ 1., 0., 0., -3.3181695556640625e+02, 0., 1., 0.,
       -1.7191610145568848e+02, 0., 0., 0., 3.4097571209142336e+02, 0.,
       0., 8.3427554594631536e-03, 0. ]
