%YAML:1.0
---
M1: !!opencv-matrix
   rows: 3
   cols: 3
   dt: d
   data: [ 3.4242048848708419e+02, 0., 3.3044649897543945e+02, 0.,
       3.4254327558093905e+02, 1.7130431355359326e+02, 0., 0., 1. ]
D1: !!opencv-matrix
   rows: 1
   cols: 5
   dt: d
   data: [ 1.6260229010383612e-02, -3.6531244465418486e-02, 0., 0.,
       2.9490398027176463e-02 ]
M2: !!opencv-matrix
   rows: 3
   cols: 3
   dt: d
   data: [ 3.4354488349044698e+02, 0., 3.3078287406539431e+02, 0.,
       3.4359075904866160e+02, 1.7147493798697701e+02, 0., 0., 1. ]
D2: !!opencv-matrix
   rows: 1
   cols: 5
   dt: d
   data: [ -8.6996438356323530e-04, -2.7186087084249701e-03, 0., 0.,
       5.0714984638316517e-03 ]
